部屋_へや_1,2,3,4,5_255,96,255,-31,413,14,645,30,691,-25
新聞_しんぶん_6,7,8,9,10_233,110,224,-32.4,373,24.5,645,21.6,647.5,-40.3
切手_きって_11,12,13_240,44, 375,-7.16, 675,8.94
記者_きしゃ_14,15,16,17_212.7,5.55, 382.25,-13.5, 631.28,29.77, 676.5,-61
結婚_けっこん_18,19,2,20,21,22_214.9,1.14, 359.1,65, 362,-100, 554.85,5.3, 718.3,59.92, 715.2,-86.4
駅員_えきいん_23,24,25,26_263.3,10.94, 428.62,-0.85, 684.9,117, 676.85,-40.56
住所_じゅしょ_27,28,29,30_239,10.56, 393.1,-0.19, 615.84,6.04, 755.95,-5.11
料理_りょうり_31,32,33,34_222.9,6.786, 387.93,2.69, 556.69,27.15, 704.86,4.57
時間_じかん_39,40,41,9,22_ 226.33,2.26, 376.2,74.55, 383.68,-70.1, 667.89,-1.46, 670.34,-41.9
今朝_けさ_42,43,44,45,46,47_ 325.1,69.85, 321,-42.6, 580.22,111.5, 587.57,27.34, 568.33,-73.45, 717.46,5.67
日記_にっき_48,14,15_ 284.37,-21.28, 562.33,1.5, 720,-18.16
数日_すうじつ_49,50,51,48_ 269.9,52.86, 263.844,-82.92, 431.41,-4.22, 674.76,-14.46
便利_べんり_27,52,53,54_ 202.86,-5.74, 357.7,-6.32, 563.4,6.17, 723.2,1.2
希望_きぼう_55,56,57,58,59_ 267.65,107.9, 278.85,-45.3, 529.57,73.4, 679.8,69.02, 602.9,-77.7
全部_ぜんぶ_42,60,1,2,3_ 304.49,76.94, 295.86,-54.47, 582.47,86.35, 582.9,-51.4, 732.09,1.73